00111110100000010000000100010011
00000000011000000000010100010011
00000000100000000000000011101111
00000100010000000000000011101111
11111111100000010000000100010011
00000000101000010010001000100011
00000000000100010010000000100011
00000000000100000000001010010011
00000000101000101100101001100011
00000000000100000000010110010011
00000000000000010010000010000011
00000000100000010000000100010011
00000000000000001000101111100111
11111111111101010000010100010011
11111101100111111111000011101111
00000000010000010010010100000011
00000000000000010010000010000011
00000000100000010000000100010011
00000000101001011000010110110011
00000000000000001000101111100111
00000000101100000010000000100011
